image: maps/map2.pgm
resolution: 0.050000
origin: [-7.442525, -3.957487, 0.000000]
negate: 0
occupied_thresh: 0.65
free_thresh: 0.196

